[0 0 0 1 0 0 1 0 0 0 0 0 0 1 0 0 0 0 0 0 0 0 0 0 0 0 1 1 0 0] 0.19230347720635474
[1 1 1 1 1 1 0 0 1 0 1 1 0 0 1 1 0 1 0 1 0 0 0 1 1 0 1 1 1 0] 0.19308000253594415
[1 0 1 1 1 1 0 0 0 1 1 0 1 1 1 0 0 1 0 0 1 0 1 1 1 0 0 0 0 0] 0.1932082245835161
[1 0 1 1 1 0 1 0 1 0 1 0 0 0 0 1 0 1 0 0 0 1 1 0 1 1 0 0 0 1] 0.19331144568902356
[1 1 0 1 0 1 1 1 0 0 0 1 1 0 1 1 1 0 0 0 1 1 1 0 1 0 0 1 1 0] 0.1932585172221342
[1 0 1 0 1 0 1 1 1 0 0 1 0 1 0 1 0 1 1 1 0 0 0 0 0 1 1 1 1 1] 0.19262628434186152
[1 1 0 1 1 1 0 0 0 1 1 1 0 0 1 1 0 0 0 0 0 1 1 1 0 1 0 0 1 0] 0.19200483212073202
[0 0 0 0 0 1 0 0 0 0 1 0 0 1 0 1 0 0 1 0 1 0 0 0 0 0 0 0 1 0] 0.19295584334329968
[0 0 1 0 0 0 0 0 1 0 1 0 0 0 1 1 1 1 1 1 0 0 0 0 1 0 0 0 0 0] 0.1934019947775454
[1 0 0 0 0 1 1 0 1 0 0 1 0 0 0 1 0 0 0 0 0 0 0 0 1 1 1 1 1 0] 0.19373778829691868
[0 0 0 0 0 1 0 0 0 0 1 1 1 1 0 1 0 0 1 0 0 0 1 0 1 1 1 0 1 0] 0.19271831579028473
[1 1 0 0 1 0 0 0 1 1 1 1 0 0 1 0 0 1 0 0 0 0 0 0 0 0 0 0 1 0] 0.19340979530901498
[1 0 0 1 0 0 1 0 1 0 1 1 1 1 0 1 0 1 1 0 0 1 1 0 0 1 1 1 1 0] 0.19262650909996878
[0 0 0 1 0 0 0 0 1 0 0 0 0 0 1 0 0 1 0 0 1 1 0 1 0 1 0 1 1 1] 0.19284309679013484
[0 1 0 1 1 0 0 1 0 0 0 1 1 1 0 0 1 1 1 0 1 1 0 1 0 0 1 1 0 1] 0.19260899250009186
[0 1 0 0 1 1 1 1 0 0 1 0 1 0 1 0 1 1 0 0 1 1 0 0 1 1 1 1 0 1] 0.1929938160084236
[0 1 0 1 1 0 0 0 1 1 0 1 0 1 0 0 0 0 1 1 1 1 0 0 1 0 1 1 1 0] 0.19405245899133483
[0 1 1 0 1 1 1 1 1 0 0 0 1 0 1 0 0 0 0 0 0 0 1 1 1 0 0 0 0 0] 0.19334839867278672
[1 0 0 1 1 1 0 0 1 1 1 1 0 0 1 0 1 0 1 1 0 0 0 0 1 0 0 0 1 1] 0.19315354985876693
[0 1 1 1 0 0 0 1 0 0 1 0 1 1 1 0 0 0 0 0 1 1 1 0 0 0 1 1 0 0] 0.19238740018778938
[0 1 0 0 1 0 1 0 0 1 1 0 0 0 0 1 1 0 0 1 1 0 0 0 1 0 1 0 0 0] 0.19352768690717448
[0 1 0 0 0 0 0 1 1 0 0 0 0 1 0 1 1 0 1 1 1 1 1 0 0 1 0 1 0 1] 0.19278387072785272
[0 0 0 0 0 0 0 1 0 1 1 0 0 0 1 0 1 1 1 0 1 1 1 0 1 0 0 0 1 0] 0.1938202808664891
[0 1 1 0 1 0 0 0 0 1 0 1 1 0 0 1 1 1 1 0 0 1 1 0 1 1 0 1 0 1] 0.19319428203786745
[0 1 1 0 1 1 0 1 0 0 0 1 1 0 0 0 0 0 0 1 1 0 0 0 0 0 1 1 1 0] 0.1928594836331959
[1 0 0 1 1 0 0 1 0 0 0 1 0 0 1 0 1 1 0 1 0 1 0 1 1 0 0 1 1 0] 0.19321287842310067
[1 1 1 0 0 1 1 0 0 0 1 0 1 1 0 1 0 0 0 0 0 0 0 0 1 0 1 0 1 0] 0.1928362731312674
[0 0 0 0 1 0 1 0 0 0 0 1 0 0 1 0 1 1 1 0 1 0 1 0 0 0 0 1 1 1] 0.1930790132836868
[1 1 0 1 1 1 0 1 0 0 1 1 0 0 0 0 1 0 0 0 1 1 1 0 1 0 0 1 1 0] 0.19379734443660976
[0 0 1 1 1 0 0 1 1 1 1 1 1 1 1 0 0 0 0 1 0 1 0 1 1 0 1 1 0 0] 0.19278339073509618
[1 0 0 0 0 0 0 1 0 0 0 1 0 0 1 1 1 0 0 0 1 1 0 1 1 0 0 1 0 0] 0.19370453800176224
[0 0 0 1 0 1 1 1 0 1 1 1 1 1 0 0 0 0 1 1 0 1 0 1 0 0 0 0 0 1] 0.1913979644388686
[0 0 0 1 0 1 0 0 1 1 0 0 1 1 1 0 1 0 1 1 1 0 1 1 0 1 1 1 1 0] 0.19248817711388036
[1 0 1 0 0 0 0 1 1 0 0 1 0 0 1 1 0 0 0 0 1 0 0 1 0 1 1 0 0 1] 0.19228259290963234
[0 1 1 1 0 0 0 1 1 1 1 1 0 1 1 0 0 1 0 1 1 1 0 1 1 1 1 1 0 0] 0.1930448468421104
[1 1 1 1 0 1 1 1 1 0 0 1 0 1 1 1 1 1 1 1 1 0 1 1 1 0 1 0 0 0] 0.1929483662066327
[1 1 1 1 0 0 0 0 1 1 1 1 1 1 0 0 0 1 0 0 1 1 0 1 1 0 0 1 1 1] 0.19352752871868809
[0 0 1 1 1 1 0 0 0 0 1 0 0 0 0 1 0 1 0 0 0 0 1 1 0 0 0 1 1 1] 0.19212971113167554
[0 1 1 0 0 1 1 1 0 0 0 0 0 1 1 0 1 0 1 1 0 1 0 1 1 0 0 1 0 0] 0.19279215844807013
[1 1 0 1 0 1 1 1 0 1 0 0 0 0 0 1 0 0 1 1 1 0 0 1 0 1 0 1 0 0] 0.19252860117641632
[0 1 0 1 1 0 0 1 0 0 1 1 1 0 1 0 0 0 1 1 0 0 0 0 0 0 1 0 0 0] 0.19166247833891
[0 0 0 0 0 0 1 1 0 1 0 0 0 0 1 0 1 0 1 0 1 1 0 0 1 0 1 1 1 0] 0.19380474843165574
[1 0 0 1 0 1 1 1 0 0 1 0 1 1 0 1 0 1 0 1 1 0 0 0 0 0 1 0 0 0] 0.19204070419358615
[1 1 0 0 1 1 1 0 0 0 1 0 0 1 0 1 1 0 1 1 0 0 0 0 0 0 0 0 0 1] 0.19190122628582992
[0 0 0 0 0 1 0 0 1 1 0 0 1 1 0 1 0 1 1 0 0 1 1 0 0 1 0 0 1 1] 0.19239441012154732
[1 0 1 1 0 0 1 1 1 0 0 1 0 0 1 1 0 1 1 0 1 0 0 1 0 1 1 0 1 1] 0.19247806171746468
[1 0 1 1 1 0 1 0 1 0 0 1 0 0 0 1 0 1 1 0 0 1 1 1 1 0 0 1 1 1] 0.19347787720101917
[0 1 0 0 0 1 0 0 0 0 0 0 1 1 0 1 0 1 0 1 0 1 0 1 1 1 0 0 0 0] 0.19262899829477856
[1 0 1 0 1 1 0 1 0 0 0 0 0 0 0 1 0 0 1 1 1 0 0 0 1 0 0 0 1 0] 0.19397510743222385
[1 0 0 1 0 1 0 0 1 1 0 0 1 0 1 0 0 1 0 0 0 0 1 0 0 0 0 0 1 0] 0.19288111879962055
[0 1 1 1 1 0 0 1 0 0 1 1 1 1 0 0 0 0 1 0 1 0 0 0 0 1 0 1 0 0] 0.19285907359939264
[0 1 1 0 1 0 1 0 0 0 0 1 1 0 1 0 1 0 0 0 0 0 0 0 0 1 0 1 1 1] 0.19225619808295763
[0 0 0 0 0 1 1 1 0 1 0 0 1 0 1 1 1 1 1 0 0 0 0 0 1 0 0 0 0 0] 0.19309843742941388
[0 0 1 0 0 1 1 1 0 1 0 0 1 0 1 1 0 1 1 1 1 0 1 0 1 0 0 0 0 0] 0.19318714163270734
[0 0 0 1 1 1 1 0 0 0 0 1 1 1 0 0 1 1 1 0 0 0 1 0 0 0 0 0 0 0] 0.1922796373533411
[0 0 0 0 1 1 1 1 1 1 0 0 0 1 0 1 0 0 0 0 1 0 0 0 0 1 1 1 1 0] 0.19316129406406543
[0 0 0 0 0 0 0 1 0 1 0 1 1 1 0 0 1 0 0 0 0 0 0 0 0 1 0 0 0 1] 0.19148196236088927
[0 1 1 0 1 1 0 1 0 0 1 0 1 1 1 0 0 0 1 0 0 1 0 0 0 1 0 1 0 0] 0.19220090077509383
[1 0 1 1 0 0 1 1 1 1 0 0 0 0 1 0 0 0 1 0 1 1 0 0 1 0 0 1 0 0] 0.19439707700013845
[0 1 0 1 0 0 1 1 1 1 1 1 0 0 1 0 0 1 1 0 1 1 1 0 0 1 0 0 0 1] 0.19267631564131746
[1 1 0 0 1 1 0 1 0 1 0 1 0 0 0 1 0 0 1 0 0 0 0 1 0 0 0 1 1 0] 0.19283721240770577
[0 0 1 1 0 1 0 0 1 0 0 0 1 0 0 0 0 0 1 0 0 0 0 0 0 0 1 1 0 0] 0.19308001617696186
[0 1 0 0 1 1 0 1 1 1 0 1 0 0 1 0 1 0 1 0 0 0 0 0 1 1 0 0 0 0] 0.19367368826436973
[1 0 1 1 1 1 0 1 0 1 0 0 0 0 1 0 0 0 1 1 1 1 0 0 0 0 0 1 0 0] 0.19296893998792095
[1 1 1 0 0 0 0 0 1 1 0 1 0 1 0 0 0 0 0 0 1 1 1 0 0 1 0 1 1 0] 0.1936104451372762
[1 0 0 1 0 1 1 1 1 1 0 1 1 0 1 1 0 0 1 0 0 1 0 1 0 1 0 1 0 0] 0.1923157927450931
[1 1 0 0 1 1 0 0 1 0 1 0 0 0 0 0 0 1 1 1 0 0 0 0 1 0 1 1 1 0] 0.1940911931139367
[1 0 0 1 1 1 1 0 0 1 0 1 1 0 0 0 0 1 1 0 1 0 1 0 1 1 0 0 0 1] 0.1934547899225697
[0 1 1 0 1 0 0 0 0 0 1 1 0 1 0 0 1 0 0 1 1 0 0 1 0 1 1 0 0 1] 0.1919840318776793
[1 0 1 0 0 1 0 1 1 1 1 1 0 0 1 1 0 1 1 0 0 1 1 0 0 1 1 0 0 1] 0.19219097273923205
[1 1 1 1 0 1 1 1 0 1 1 1 1 0 1 1 0 0 0 0 0 0 0 1 1 1 1 0 0 1] 0.19204827951212566
[0 0 1 1 0 1 0 0 1 0 0 0 0 1 0 1 0 1 1 0 1 0 1 0 0 0 0 1 1 1] 0.1931542316448834
[0 0 1 0 1 0 0 1 1 1 1 0 1 1 1 0 0 1 0 0 0 0 0 1 0 1 1 0 1 1] 0.19203776746129742
[0 1 0 0 0 1 1 0 1 0 0 0 1 1 0 0 0 1 1 1 0 1 0 0 1 0 1 0 1 1] 0.19315429557045014
[0 1 0 0 0 0 0 1 0 0 1 0 0 0 0 0 0 1 0 0 0 0 1 1 0 0 0 0 0 0] 0.19185673548640603
[0 0 1 1 0 0 1 1 0 1 0 1 0 1 0 1 0 0 0 0 0 1 0 0 1 1 0 0 0 0] 0.19276153759740897
[0 1 1 0 0 0 1 0 0 0 0 1 0 0 1 0 1 1 0 0 0 0 0 1 0 0 0 0 1 0] 0.1920234595190195
[0 0 0 0 0 0 1 1 1 0 0 0 1 0 0 0 0 1 0 0 1 1 0 0 0 0 0 0 1 0] 0.19377642666799422
[0 1 0 0 0 0 0 0 0 0 0 0 1 1 1 0 1 1 0 0 0 0 0 0 1 0 1 1 1 0] 0.19354533675472188
[1 0 0 0 0 0 0 1 0 0 0 1 0 0 1 0 0 0 0 1 1 0 1 1 0 0 0 0 0 0] 0.19222709978345964
[1 0 1 1 0 0 0 0 0 1 1 0 0 0 0 0 0 0 1 1 1 1 0 0 1 0 0 0 0 1] 0.19359380031341566
[0 0 0 0 1 0 0 1 1 0 0 0 0 0 1 1 0 0 0 0 1 0 0 0 1 0 1 0 1 0] 0.1943288279942798
[1 0 0 0 1 0 1 0 1 0 1 0 1 0 0 1 1 1 1 1 1 1 1 1 0 0 1 1 0 0] 0.192846482190706
[1 1 0 1 0 0 0 0 0 1 1 0 1 1 1 0 0 0 0 0 0 1 0 1 1 1 1 1 1 0] 0.19284934957690875
[0 0 0 0 1 0 0 1 1 1 1 1 1 0 1 0 0 0 0 1 1 1 1 0 0 0 0 0 0 0] 0.19266909514763506
[0 0 0 1 1 1 0 1 0 1 0 0 0 1 0 1 1 0 0 1 0 0 0 0 1 0 0 0 1 0] 0.19294103948089225
[1 1 0 1 0 1 1 1 0 0 1 0 1 0 1 0 1 0 0 0 0 0 0 0 0 0 1 1 1 0] 0.19207285457018364
[1 0 0 0 1 1 1 1 0 1 0 1 1 0 0 1 1 0 1 0 1 1 0 1 0 0 1 0 1 0] 0.19252085669398017
[0 0 0 0 1 1 1 1 0 0 1 1 0 0 1 1 1 1 0 0 0 0 0 0 0 0 1 0 0 1] 0.19152182419285568
[1 0 0 1 0 0 0 1 1 1 1 0 1 0 0 0 0 0 0 1 1 1 1 0 0 0 1 0 0 0] 0.19276975358667084
[0 0 0 1 1 1 1 1 1 0 0 0 0 1 0 0 0 1 0 1 1 0 0 1 0 0 0 0 1 1] 0.19268326229184038
[1 0 0 0 1 0 0 1 1 1 0 1 0 0 1 1 1 0 0 0 0 1 0 1 0 1 0 1 1 0] 0.19268787990886818
[1 0 0 1 0 1 1 1 0 1 0 1 0 1 0 0 1 0 1 0 1 1 0 0 0 1 0 1 1 0] 0.1929086006020188
