[0 1 1 1 0 0 0 0 1 0 0 0 1 0 0 0 1 0 1 1 1 0 0 0 0 1 1 1 1 1 0 1 0 0 1 1 1 1 1 0 1 0 0 0 0 0 0 1 1 0 0 0 0 0 0 1 0 1 1 0] 0.23641472304985509
[0 1 1 1 1 1 1 0 1 1 1 0 1 1 0 1 0 1 1 1 1 0 1 0 1 1 1 0 0 1 1 0 1 0 0 1 1 1 1 1 1 0 1 0 0 1 0 1 0 1 0 1 1 0 1 0 1 0 0 0] 0.23556462601307482
[1 0 0 1 0 1 1 1 0 1 0 0 0 0 1 1 0 0 0 1 0 1 1 1 1 1 0 1 0 1 1 1 0 0 0 0 0 1 0 0 1 0 0 0 0 1 0 0 1 0 0 0 1 0 1 1 0 1 0 1] 0.23884837198990502
[1 0 1 1 1 0 1 0 1 0 1 0 0 0 0 0 0 1 0 1 1 0 0 1 0 0 1 1 1 1 0 0 1 1 1 1 0 0 0 0 1 1 0 1 0 0 1 1 0 1 1 0 1 1 1 1 1 1 1 0] 0.2403701981529101
[1 1 0 0 1 0 0 1 1 1 0 1 0 0 0 0 1 1 1 0 0 1 1 0 1 0 0 0 0 0 0 1 1 1 1 1 1 0 1 1 0 0 0 0 0 0 0 0 1 0 1 0 1 0 0 0 0 0 0 0] 0.2330265914273018
[1 1 0 0 1 1 0 1 0 1 0 1 0 0 0 1 0 1 0 0 1 1 1 1 1 0 0 0 1 0 1 1 0 1 0 1 0 0 0 1 0 1 1 1 0 0 1 0 1 1 0 1 0 0 1 0 1 0 0 0] 0.23562900100012757
[1 0 0 0 0 0 0 1 0 1 0 1 0 0 1 0 1 1 0 0 1 1 0 1 1 1 0 0 0 0 0 1 1 1 1 0 0 0 1 1 0 1 0 1 0 0 1 1 1 0 1 0 0 1 0 0 0 1 1 0] 0.23605446331065555
[1 1 1 1 1 1 1 0 1 1 0 0 1 1 0 0 0 1 1 1 1 1 0 1 0 1 0 1 0 0 1 1 1 0 1 1 0 1 1 1 1 1 1 1 0 1 1 1 1 1 1 1 1 1 0 0 1 1 1 0] 0.23712612091317037
[1 1 0 0 1 0 0 1 0 1 1 0 1 1 1 0 0 0 0 0 1 1 1 0 1 1 0 1 0 0 1 1 0 1 1 1 0 0 1 1 0 0 1 0 0 0 0 1 1 0 0 0 1 0 0 1 1 0 1 1] 0.23822791577010125
[1 0 0 1 1 1 1 1 1 0 1 1 1 0 1 0 1 1 0 0 0 0 0 1 1 1 0 0 1 1 1 1 0 1 1 0 0 1 1 1 1 1 1 0 0 0 0 0 1 0 0 1 0 1 0 1 1 1 1 0] 0.23750661431329034
[1 1 0 0 1 0 1 1 1 1 1 1 1 0 1 0 1 1 1 0 0 1 0 1 0 1 0 1 0 0 0 1 1 0 1 1 1 1 1 0 1 0 0 0 1 1 0 0 1 0 1 1 1 0 0 1 0 0 1 0] 0.2358817241058232
[0 1 1 1 1 1 1 1 1 0 1 1 1 0 1 0 1 1 1 1 0 1 1 0 1 0 1 0 1 1 1 0 1 1 0 1 0 0 1 0 0 0 1 1 0 0 0 1 0 1 0 1 1 0 1 0 1 0 0 1] 0.23714311411682784
[1 1 0 1 1 1 0 1 0 0 1 1 0 0 1 1 1 1 0 0 0 1 1 1 1 1 1 1 0 1 1 0 0 1 1 1 0 1 0 0 0 0 0 1 0 1 0 0 1 1 0 1 1 0 1 0 0 0 0 1] 0.2369026898363168
[1 1 0 0 1 0 1 0 1 1 0 0 1 1 0 0 1 1 0 0 0 1 0 1 0 0 0 1 0 0 1 1 0 1 0 0 1 1 0 1 1 1 0 1 1 1 0 1 1 1 0 0 0 1 0 1 0 1 1 1] 0.23813693508954548
[1 1 1 1 1 0 0 0 0 1 0 1 0 1 0 1 0 1 1 1 0 1 1 1 0 0 1 0 1 0 0 1 1 0 1 1 0 0 1 1 0 0 0 1 1 1 1 0 1 1 1 1 1 1 1 0 1 0 0 1] 0.23855159291909303
[1 1 0 0 1 1 0 1 1 1 0 0 1 0 0 0 1 0 0 1 1 0 1 0 1 0 0 0 0 0 1 0 0 1 0 1 1 0 1 1 0 1 1 1 0 0 0 1 1 0 0 1 1 1 1 0 1 1 0 0] 0.23795161198898232
[1 0 0 0 0 0 0 0 0 1 1 0 0 0 0 1 0 1 1 1 0 1 0 1 1 1 0 0 0 0 1 1 0 1 1 1 1 1 1 1 1 1 0 0 0 1 0 0 1 0 1 0 0 1 0 1 0 1 0 0] 0.23550731431275368
[1 1 0 0 1 0 1 0 1 1 0 0 0 1 0 0 1 0 1 1 0 1 0 0 1 1 0 0 1 0 0 1 1 1 1 1 1 0 1 1 0 0 1 0 0 0 1 1 1 0 1 0 1 1 0 1 1 1 0 0] 0.23739913325307838
[0 0 1 0 1 0 1 0 0 0 0 0 0 0 1 0 1 0 1 1 0 1 1 0 1 0 1 0 1 1 1 0 0 0 1 1 1 0 1 1 0 0 0 1 0 0 1 0 0 0 1 1 1 0 0 1 1 1 1 0] 0.23963474586681924
[1 1 0 0 1 0 1 1 1 0 0 0 1 0 1 1 1 1 1 0 1 1 0 0 1 0 0 1 1 1 0 0 1 1 1 1 1 1 1 1 1 1 1 0 0 0 0 1 0 0 0 0 1 1 0 1 1 0 1 0] 0.2364121568172524
[1 1 1 1 1 1 0 1 1 1 0 0 0 1 0 1 1 1 1 0 1 1 0 1 0 0 1 1 1 1 0 1 1 1 0 1 1 1 1 1 0 1 0 1 1 1 1 0 1 1 0 0 0 0 1 0 0 0 1 1] 0.2353544904271711
[1 1 1 1 1 1 1 1 1 1 0 1 1 1 1 1 1 1 1 0 0 1 1 0 1 0 0 1 0 1 0 1 1 1 0 1 0 0 1 0 0 0 1 1 1 0 0 1 0 1 1 1 1 0 0 0 0 0 0 0] 0.23397703467275732
[1 1 0 1 0 1 1 1 0 1 1 1 0 0 1 0 1 1 1 0 0 1 1 1 1 1 1 1 0 1 1 0 1 1 0 0 0 0 0 0 0 0 1 1 1 1 0 1 1 1 0 1 1 0 1 0 0 0 1 1] 0.23749522530639966
[1 1 0 0 1 1 1 1 1 1 0 1 0 1 1 0 0 1 1 0 1 0 0 1 0 0 1 0 1 0 0 1 1 1 0 0 1 1 0 0 0 1 0 0 0 1 0 0 1 0 1 0 1 1 0 0 1 1 0 1] 0.23821739713075346
[1 1 1 1 1 1 0 1 1 1 1 1 0 0 0 0 1 1 0 0 0 1 1 1 1 0 0 0 0 0 1 1 1 0 1 1 1 0 1 0 0 0 0 1 1 1 1 0 1 0 1 1 1 0 0 0 0 0 0 1] 0.23514133117697997
[1 0 1 0 1 1 0 1 0 1 0 1 1 1 0 0 1 0 1 0 1 0 1 0 1 0 1 1 0 0 0 1 0 0 1 1 1 0 0 1 1 0 1 0 0 1 1 0 1 0 1 1 1 1 1 1 1 0 1 0] 0.23923250079512243
[1 0 1 0 0 1 1 0 0 1 0 1 1 1 1 1 1 1 0 1 0 0 0 1 0 1 1 1 0 1 1 1 1 1 1 0 1 0 1 0 1 1 0 0 0 1 1 1 0 1 0 1 1 0 0 0 1 1 1 1] 0.2380191159658972
[1 0 1 1 1 0 0 1 1 0 1 0 0 0 0 1 1 0 0 0 1 0 1 0 0 1 0 0 0 0 1 0 0 0 1 0 1 1 0 1 0 1 0 1 0 1 1 0 1 1 1 1 1 0 0 0 0 1 0 1] 0.2379661900453737
[0 1 0 0 0 0 0 0 1 1 0 0 1 0 1 1 1 1 1 1 1 1 1 0 0 1 0 1 1 1 1 1 0 0 0 1 1 0 1 0 1 1 1 1 1 1 1 1 1 1 1 1 0 1 1 1 0 0 0 1] 0.23705374559947273
[0 1 0 0 0 0 0 0 1 1 0 0 1 1 0 1 1 1 1 0 1 0 0 0 1 0 0 0 1 1 0 0 1 1 0 1 1 0 1 1 1 0 1 0 0 0 0 1 0 0 1 0 1 1 0 1 1 0 1 0] 0.23810243284361446
