[1 1 1 0 0 1 1 1 1 0 1 1 1 0] 0.3980564528145853
[1 1 0 1 0 0 0 1 1 1 0 1 1 0] 0.397582824730298
[1 1 1 1 0 1 0 0 1 0 1 1 1 1] 0.4841814986424737
[1 0 1 1 1 1 0 1 1 1 1 0 0 0] 0.4164505698774672
[0 0 0 1 0 0 1 1 0 0 1 0 0 0] 0.4287330022518664
[1 0 0 0 1 1 0 0 0 0 0 1 0 1] 0.5773638597494772
[1 0 1 0 0 0 1 0 1 0 1 1 0 0] 0.39111811680592723
[1 1 0 0 0 0 0 1 1 0 1 0 0 0] 0.4124395377441163
[1 1 0 1 0 1 0 0 0 0 1 0 0 1] 0.5558829027429244
[1 0 0 1 1 0 1 1 0 1 1 1 0 1] 0.5040280754307898
[1 1 1 1 1 1 1 0 0 1 1 0 0 1] 0.4893562762121207
[0 0 1 0 0 1 1 1 0 1 1 1 0 0] 0.4009588532520049
[1 1 0 0 1 1 0 1 1 1 0 0 1 0] 0.4024160687043776
[0 0 1 0 0 0 0 1 1 1 1 1 0 1] 0.5252824415327131
[1 0 1 1 1 0 0 1 1 0 1 1 1 0] 0.41209980922060746
[1 0 1 1 0 0 1 1 1 0 1 0 1 0] 0.40946913527462725
[1 1 1 1 1 1 1 0 0 1 1 1 0 0] 0.39846298872685476
[0 0 1 0 1 1 1 0 0 1 1 1 1 1] 0.487987418753798
[0 0 1 0 1 1 1 1 1 1 0 1 1 0] 0.39805424871678735
[1 0 1 0 0 0 1 1 1 1 0 1 1 0] 0.3925355982431715
[1 0 1 0 0 0 1 0 1 0 0 1 1 0] 0.38346467345967733
[1 1 0 0 1 1 1 1 1 0 1 0 1 1] 0.49248246386153305
[1 1 0 1 1 0 0 1 0 1 1 0 1 1] 0.5080992846772141
[1 1 1 1 1 1 0 0 1 1 0 0 1 0] 0.4002703136481581
[1 1 1 0 1 0 1 1 0 0 0 1 1 1] 0.5006770794324288
[0 0 0 1 1 0 0 0 0 1 0 1 1 1] 0.5410037538871907
[0 0 0 0 0 0 1 1 1 0 0 1 1 1] 0.5431199464779473
[1 1 0 1 0 0 0 1 1 0 0 0 0 0] 0.4232102311006809
[1 0 1 0 1 0 0 0 1 0 0 0 1 1] 0.5500575368467723
[1 1 1 0 1 0 1 0 0 0 1 1 1 0] 0.3935870741582402
[0 1 1 1 0 1 0 1 1 1 0 1 1 0] 0.40045103218174133
[0 0 1 1 0 0 1 0 0 1 0 1 0 0] 0.38927531779054275
[1 1 0 0 1 1 1 1 1 0 1 0 0 1] 0.5084106495183153
[0 1 1 1 0 0 0 1 1 0 1 1 1 0] 0.407026324274817
[1 0 0 1 0 0 0 1 0 0 1 1 0 0] 0.4179673810276793
[1 1 1 1 0 1 1 0 1 0 1 1 1 0] 0.39368941300761623
[1 0 1 0 1 1 1 1 0 0 1 1 1 0] 0.4049218187127494
[1 0 1 0 1 1 1 0 1 1 0 1 1 1] 0.4758490568776035
[0 0 0 0 0 1 1 0 1 1 0 1 0 0] 0.38013937594911806
[1 0 1 1 0 0 1 1 1 1 0 1 1 1] 0.4843885685352749
[1 0 0 0 1 1 1 0 0 0 0 1 1 1] 0.5143973294318934
[1 0 1 1 0 1 1 1 1 0 1 0 0 1] 0.5106166508002244
[1 1 1 0 0 0 1 0 1 1 0 0 1 0] 0.38166859350176036
[0 0 0 1 1 1 1 0 1 1 0 0 0 0] 0.39712116890064864
[1 1 1 0 1 1 1 1 1 1 0 1 1 0] 0.39719269390128525
[0 1 1 1 1 1 1 0 1 1 0 0 0 1] 0.49606345672563673
[0 1 1 1 0 1 1 0 1 1 0 0 0 1] 0.5029526934142774
[0 1 0 1 0 0 0 0 0 0 1 1 0 0] 0.4029443710560593
[1 0 1 0 1 1 0 0 1 1 0 1 1 0] 0.3915197748083861
[0 1 0 0 1 1 1 0 1 1 0 1 1 0] 0.3857709081215097
[0 1 1 0 0 0 0 1 1 1 0 1 0 0] 0.39818567878710637
[1 0 0 1 1 0 1 0 0 1 0 1 0 0] 0.39479207908737346
[0 1 1 1 1 0 1 1 0 0 1 0 0 1] 0.5341418702575048
[0 0 1 1 1 1 0 1 1 1 1 1 1 1] 0.4830624076837061
[0 0 0 1 0 1 0 1 1 1 1 1 1 0] 0.4002891178859059
[1 1 0 1 0 1 1 0 1 1 1 1 1 1] 0.4687696234429624
[1 0 1 0 1 0 0 1 1 0 1 1 1 1] 0.5028354066518845
[1 1 0 1 1 1 1 1 0 0 0 1 1 1] 0.4926717216160121
[0 1 0 1 0 1 1 1 1 0 0 1 0 1] 0.5147653152615387
[0 0 1 1 0 0 1 1 1 1 1 1 0 1] 0.4995187705498102
[1 0 0 1 1 1 1 0 0 0 0 0 1 1] 0.5245733021915219
[0 1 1 0 0 0 1 1 1 1 0 0 1 1] 0.5058281174494036
[1 0 0 0 1 0 1 0 1 0 1 1 1 0] 0.39229754505785325
[1 0 0 1 1 0 0 0 1 1 0 0 1 0] 0.40010335185528184
[1 1 0 0 0 1 1 0 0 0 0 1 0 0] 0.3780243628686517
[0 0 0 0 1 1 0 1 0 0 0 0 0 0] 0.44805963249956404
[0 0 0 1 0 1 1 0 0 0 0 1 0 0] 0.389892308679284
[0 0 0 0 0 0 0 0 1 1 1 0 0 0] 0.39578440954476135
[0 0 0 0 1 1 1 1 1 1 1 0 1 0] 0.40251598494907626
[0 1 0 1 1 0 0 0 1 1 0 1 1 1] 0.5039526033562363
[0 1 1 0 0 0 0 0 1 1 1 1 0 1] 0.5175228433393793
[1 0 1 1 0 1 1 0 0 0 1 1 0 0] 0.3979742115756313
[1 1 1 0 0 1 1 1 1 1 0 0 0 0] 0.3991683562876218
[0 1 1 0 0 0 1 1 0 0 1 1 0 1] 0.5317711811684283
[1 0 1 1 1 1 1 0 0 0 1 0 1 1] 0.5002993480602316
[1 1 1 1 0 1 1 0 1 1 0 1 1 0] 0.38816116048560506
[1 1 1 1 0 0 1 0 1 1 0 1 0 1] 0.48749092319435533
[1 1 0 1 1 1 1 0 0 0 0 1 1 1] 0.49184776321828627
[1 1 1 1 0 1 0 0 0 0 0 1 0 0] 0.4003780182609304
[1 1 0 0 0 1 1 1 0 1 0 1 0 0] 0.3935290653401623
[1 1 0 0 1 1 1 1 0 0 0 0 1 0] 0.4072935766875389
[0 1 0 0 1 1 1 1 0 1 0 0 0 1] 0.5329191734126608
[1 0 0 1 1 1 1 0 0 1 1 0 1 1] 0.4938424062920985
[1 1 0 0 1 1 1 0 0 1 1 0 1 0] 0.3909905478808912
[0 1 0 0 1 0 0 0 1 1 0 1 0 0] 0.3905823764304518
[1 1 0 1 1 0 0 1 1 0 1 1 0 0] 0.41607008234968956
[0 0 1 0 0 1 1 0 0 0 1 1 1 1] 0.5146372587219256
[0 0 0 0 0 0 0 1 1 1 1 0 0 0] 0.40683196947755157
[1 0 0 0 1 0 1 1 1 1 0 0 0 1] 0.5308317738020177
[0 1 0 1 1 1 0 0 1 0 1 1 0 0] 0.40635644631899076
[1 0 1 0 0 1 1 0 1 1 1 1 0 0] 0.38861106604986817
[1 1 0 1 0 1 0 0 1 0 0 1 0 0] 0.39583805702231506
[0 1 1 0 0 1 0 1 0 0 0 0 1 1] 0.5587439401182446
[0 0 1 0 1 1 1 1 1 1 0 1 0 0] 0.40187846998516574
[1 1 1 1 0 1 1 1 0 0 0 1 0 1] 0.5050031900541686
[0 1 0 0 0 1 1 0 0 1 0 0 1 1] 0.5283295442133538
[1 1 0 1 0 1 1 0 1 0 0 1 0 0] 0.3908482305480017
[1 1 0 0 1 1 1 0 0 1 0 1 1 1] 0.48283910966631016
[0 1 0 1 1 1 1 0 0 1 0 1 1 1] 0.4876885595180671
[0 0 1 0 0 1 1 0 1 1 0 0 1 0] 0.3836830524359864
[1 1 1 0 1 1 0 1 0 0 0 1 1 1] 0.5043120488138009
[1 1 1 0 1 0 1 1 0 0 1 1 1 1] 0.4910558901442784
[1 1 0 0 1 1 1 0 0 1 1 1 0 1] 0.4886433715786655
[1 1 0 0 0 0 1 0 0 1 1 0 1 1] 0.5111600121026691
[1 1 0 1 0 0 1 1 0 0 0 1 1 1] 0.5112997034533627
[1 0 1 1 0 1 0 0 1 0 1 1 0 0] 0.4025655941142248
[0 1 1 1 0 1 1 0 1 1 0 1 1 1] 0.47563358792800964
[0 0 0 1 1 1 1 1 1 0 0 1 0 0] 0.41170976044818014
[1 1 1 0 0 1 0 1 1 0 0 0 0 0] 0.4129752448579429
[0 1 0 1 1 0 1 1 1 1 1 1 1 1] 0.4797913513624974
[1 1 1 0 0 1 0 0 1 1 1 1 0 0] 0.39019848038499244
[0 0 1 1 0 1 1 0 0 1 0 0 0 0] 0.39295781388293405
[1 0 1 0 0 0 1 0 0 0 0 0 1 0] 0.3823972365314168
